32
32
32
32
32
96
96
96
96
96
96
96
96
96
96
96
96
96
96
96
96
96
96
46
46
46
46
46
46
46
46
46
46
46
46
46
46
46
46
46
46
46
44
44
44
44
92
92
92
92
92
92
92
92
92
39
39
39
39
39
95
95
95
95
95
95
95
95
95
58
58
58
58
58
41
41
41
41
41
41
41
41
41
41
41
41
41
34
34
34
34
34
60
60
60
60
60
60
60
60
60
60
60
60
60
60
43
43
43
43
43
43
43
43
43
61
61
61
61
105
105
105
105
105
108
108
108
108
108
108
108
108
108
116
116
116
116
116
122
122
122
122
122
122
122
122
122
53
53
53
53
38
38
38
38
38
38
38
38
38
120
120
120
120
120
101
101
101
101
101
56
56
56
56
56
56
56
56
56
36
36
36
36
113
113
113
113
113
113
113
113
113
68
68
68
68
68
98
98
98
98
98
65
65
65
65
65
65
65
65
65
64
64
64
64
69
69
69
69
69
69
69
69
69
78
78
78
78
78
77
77
77
77
77
77
77
77
77
77
77
77
77
77
35
35
35
35
87
87
87
87
87
87
87
87
87
